sinCasco 0.00 0 0.00 102.5843616 306.86017824 120.9168864 324.01183455999995 0.00 0.00 0.00 0.00 0.00 0.00 0.00
pechoDesnudo 0.00 0 0.00 90.964056 319.45549184000004 130.65348 351.02548736 0.00 0.00 0.00 0.00 0.00 0.00 0.00
persona 0.00 0 0.00 80.3719248 307.5605184 135.6065712 400.8831744 0.00 0.00 0.00 0.00 0.00 0.00 0.00
conCasco 0.00 0 0.00 500.3304432 235.81026944 545.3610768 287.52458496 0.00 0.00 0.00 0.00 0.00 0.00 0.00
chalecoReflectante 0.00 0 0.00 478.66749120000003 268.9948624 558.5971488 358.977304 0.00 0.00 0.00 0.00 0.00 0.00 0.00
persona 0.00 0 0.00 476.602488 233.74303679999997 569.9288399999999 508.52146239999996 0.00 0.00 0.00 0.00 0.00 0.00 0.00
proteccionAuditiva 0.00 0 0.00 691.6929024000001 277.31276928 729.4256256 312.75913472 0.00 0.00 0.00 0.00 0.00 0.00 0.00
pechoDesnudo 0.00 0 0.00 688.3434432 300.23797920000004 753.6867648 357.81532 0.00 0.00 0.00 0.00 0.00 0.00 0.00
persona 0.00 0 0.00 677.7708911999999 278.250968 765.6067727999999 450.71305759999996 0.00 0.00 0.00 0.00 0.00 0.00 0.00
sinCasco 0.00 0 0.00 606.6264672 301.5598448 625.4091168 321.3585616 0.00 0.00 0.00 0.00 0.00 0.00 0.00
pechoDesnudo 0.00 0 0.00 595.2222144 315.64686896 632.7863616000001 351.25894224 0.00 0.00 0.00 0.00 0.00 0.00 0.00
persona 0.00 0 0.00 592.7532432 302.1208448 638.9058288 407.69623040000005 0.00 0.00 0.00 0.00 0.00 0.00 0.00
conCasco 0.00 0 0.00 263.5741488 310.5538648 278.27788319999996 326.36427280000004 0.00 0.00 0.00 0.00 0.00 0.00 0.00
chalecoReflectante 0.00 0 0.00 251.44516799999997 321.98951999999997 283.987344 350.1978784 0.00 0.00 0.00 0.00 0.00 0.00 0.00
persona 0.00 0 0.00 245.39946719999998 311.5235584 288.4357968 394.3500608 0.00 0.00 0.00 0.00 0.00 0.00 0.00
sinCasco 0.00 0 0.00 583.7092703999999 311.72440864 598.3043616 329.90183135999996 0.00 0.00 0.00 0.00 0.00 0.00 0.00
pechoDesnudo 0.00 0 0.00 573.6411408 324.38429231999993 599.8645872000001 355.01088848 0.00 0.00 0.00 0.00 0.00 0.00 0.00
persona 0.00 0 0.00 572.4175632 312.8204544 602.2025328 403.5094976 0.00 0.00 0.00 0.00 0.00 0.00 0.00
