sinCasco 0.00 0 0.00 477.21310560000006 258.69718176 500.2842384000001 290.25038944 0.00 0.00 0.00 0.00 0.00 0.00 0.00
pechoDesnudo 0.00 0 0.00 469.8366048 267.47106399999996 513.1546271999999 330.6823952 0.00 0.00 0.00 0.00 0.00 0.00 0.00
persona 0.00 0 0.00 465.4872576 250.16147359999997 515.5837824 382.54371039999995 0.00 0.00 0.00 0.00 0.00 0.00 0.00
conCasco 0.00 0 0.00 207.9118128 72.62097535999999 225.5638992 88.67709184 0.00 0.00 0.00 0.00 0.00 0.00 0.00
chalecoReflectante 0.00 0 0.00 207.0707952 80.73908464 238.8699408 112.21782416 0.00 0.00 0.00 0.00 0.00 0.00 0.00
persona 0.00 0 0.00 202.8011856 70.637448 249.4384944 148.6199024 0.00 0.00 0.00 0.00 0.00 0.00 0.00
proteccionAuditiva 0.00 0 0.00 491.61802079999995 205.64592912000003 507.05557919999995 233.13282928 0.00 0.00 0.00 0.00 0.00 0.00 0.00
pechoDesnudo 0.00 0 0.00 480.3262272 218.35695424 513.7090367999999 265.44346176 0.00 0.00 0.00 0.00 0.00 0.00 0.00
persona 0.00 0 0.00 473.5323744 205.1120448 520.0121376 310.319904 0.00 0.00 0.00 0.00 0.00 0.00 0.00
mascaraSoldador 0.00 0 0.00 186.899112 57.50827728 203.12604 73.54828592000001 0.00 0.00 0.00 0.00 0.00 0.00 0.00
chalecoReflectante 0.00 0 0.00 181.9235424 66.2392352 214.32202560000002 95.3497632 0.00 0.00 0.00 0.00 0.00 0.00 0.00
persona 0.00 0 0.00 177.1580448 57.142303999999996 226.5323232 128.6731904 0.00 0.00 0.00 0.00 0.00 0.00 0.00
sinCasco 0.00 0 0.00 497.43400319999995 100.29744048 511.2141888 117.71414992 0.00 0.00 0.00 0.00 0.00 0.00 0.00
pechoDesnudo 0.00 0 0.00 497.69411520000006 109.33624528 517.0544927999999 144.00466352 0.00 0.00 0.00 0.00 0.00 0.00 0.00
persona 0.00 0 0.00 495.9390432 97.8535776 516.5168928 182.85760319999997 0.00 0.00 0.00 0.00 0.00 0.00 0.00
conCasco 0.00 0 0.00 381.75525600000003 35.3048112 392.0514 48.88666336000001 0.00 0.00 0.00 0.00 0.00 0.00 0.00
chalecoReflectante 0.00 0 0.00 380.8059696 42.65292384 398.28625439999996 68.86914336000001 0.00 0.00 0.00 0.00 0.00 0.00 0.00
persona 0.00 0 0.00 379.1868624 34.0936224 400.6756656 100.4211488 0.00 0.00 0.00 0.00 0.00 0.00 0.00
mascaraSoldador 0.00 0 0.00 295.4838432 105.30208271999999 311.4775008 124.94428528 0.00 0.00 0.00 0.00 0.00 0.00 0.00
chalecoReflectante 0.00 0 0.00 295.4440128 114.38172832000001 321.3569472 150.65692128 0.00 0.00 0.00 0.00 0.00 0.00 0.00
persona 0.00 0 0.00 292.3282176 102.85981919999999 327.3391104 190.73088799999996 0.00 0.00 0.00 0.00 0.00 0.00 0.00
proteccionAuditiva 0.00 0 0.00 424.7574528 178.53055103999998 444.5503872 205.09237376 0.00 0.00 0.00 0.00 0.00 0.00 0.00
pechoDesnudo 0.00 0 0.00 418.3857264 187.02757264000002 457.9226256 236.12086896 0.00 0.00 0.00 0.00 0.00 0.00 0.00
persona 0.00 0 0.00 413.01446400000003 174.1101648 463.16928 282.26394719999996 0.00 0.00 0.00 0.00 0.00 0.00 0.00
mascaraSoldador 0.00 0 0.00 580.4076912 178.4675096 598.8415248 204.954244 0.00 0.00 0.00 0.00 0.00 0.00 0.00
chalecoReflectante 0.00 0 0.00 571.7659007999999 190.68845056 612.2854272 236.18726144000001 0.00 0.00 0.00 0.00 0.00 0.00 0.00
persona 0.00 0 0.00 562.6230384 178.2485088 619.6071696 280.0877024 0.00 0.00 0.00 0.00 0.00 0.00 0.00
