conCasco 0.00 0 0.00 369.25697759999997 160.78925856 384.2635344 185.65703264 0.00 0.00 0.00 0.00 0.00 0.00 0.00
chalecoReflectante 0.00 0 0.00 363.7806672 170.4652832 395.8963248 212.90533439999996 0.00 0.00 0.00 0.00 0.00 0.00 0.00
persona 0.00 0 0.00 356.97263039999996 158.8879568 405.2844576 256.1818672 0.00 0.00 0.00 0.00 0.00 0.00 0.00
proteccionAuditiva 0.00 0 0.00 346.77365760000004 149.19699936 366.5230464 173.56712224 0.00 0.00 0.00 0.00 0.00 0.00 0.00
pechoDesnudo 0.00 0 0.00 338.826168 157.03767408 377.74029599999994 201.82683152 0.00 0.00 0.00 0.00 0.00 0.00 0.00
persona 0.00 0 0.00 333.093576 144.6472608 386.909496 245.7265952 0.00 0.00 0.00 0.00 0.00 0.00 0.00
mascaraSoldador 0.00 0 0.00 225.5897376 86.11478383999999 240.55266240000003 103.87068816 0.00 0.00 0.00 0.00 0.00 0.00 0.00
chalecoReflectante 0.00 0 0.00 221.9670816 95.22815200000001 254.83247039999998 126.5218064 0.00 0.00 0.00 0.00 0.00 0.00 0.00
persona 0.00 0 0.00 215.302272 85.95790240000001 267.08716799999996 162.93471839999998 0.00 0.00 0.00 0.00 0.00 0.00 0.00
sinCasco 0.00 0 0.00 636.0933504 387.04068368 669.0370176 430.94056432 0.00 0.00 0.00 0.00 0.00 0.00 0.00
pechoDesnudo 0.00 0 0.00 616.4764608 394.598832 680.4282432 465.45602879999996 0.00 0.00 0.00 0.00 0.00 0.00 0.00
persona 0.00 0 0.00 598.413312 380.4662016 695.4771840000001 516.9215296 0.00 0.00 0.00 0.00 0.00 0.00 0.00
conCasco 0.00 0 0.00 282.1327056 111.32503583999998 296.2348464 132.40002016 0.00 0.00 0.00 0.00 0.00 0.00 0.00
chalecoReflectante 0.00 0 0.00 277.27590719999995 120.77953007999999 309.4874208 156.00832272 0.00 0.00 0.00 0.00 0.00 0.00 0.00
persona 0.00 0 0.00 270.221376 110.67769759999999 320.575872 195.0946928 0.00 0.00 0.00 0.00 0.00 0.00 0.00
mascaraSoldador 0.00 0 0.00 306.7191312 112.37343536 322.7499888 132.43733584 0.00 0.00 0.00 0.00 0.00 0.00 0.00
chalecoReflectante 0.00 0 0.00 306.6383232 121.48238080000002 332.1234048 158.9277504 0.00 0.00 0.00 0.00 0.00 0.00 0.00
persona 0.00 0 0.00 303.7512144 109.6735552 337.7150256 199.7544064 0.00 0.00 0.00 0.00 0.00 0.00 0.00
proteccionAuditiva 0.00 0 0.00 393.2815152 165.75808112 412.4144208 191.18806288 0.00 0.00 0.00 0.00 0.00 0.00 0.00
pechoDesnudo 0.00 0 0.00 386.9984832 175.82169215999997 425.0223168 223.56004224 0.00 0.00 0.00 0.00 0.00 0.00 0.00
persona 0.00 0 0.00 381.90917759999996 162.199992 429.9912384 269.3355152 0.00 0.00 0.00 0.00 0.00 0.00 0.00
chalecoReflectante 0.00 0 0.00 85.20498239999999 261.2135136 152.3107296 319.3213088 0.00 0.00 0.00 0.00 0.00 0.00 0.00
persona 0.00 0 0.00 71.737296 247.54605760000004 176.08536 369.4603744 0.00 0.00 0.00 0.00 0.00 0.00 0.00
