sinCasco 0.00 0 0.00 211.36491360000002 158.60349648 233.0688144 184.21126832000002 0.00 0.00 0.00 0.00 0.00 0.00 0.00
pechoDesnudo 0.00 0 0.00 205.01599679999998 175.54994240000002 248.60819519999995 222.4262048 0.00 0.00 0.00 0.00 0.00 0.00 0.00
persona 0.00 0 0.00 199.314912 159.817408 255.295776 286.1947008 0.00 0.00 0.00 0.00 0.00 0.00 0.00
conCasco 0.00 0 0.00 655.3933632 138.88158976000003 670.4520768 153.94958463999998 0.00 0.00 0.00 0.00 0.00 0.00 0.00
chalecoReflectante 0.00 0 0.00 650.8385136 149.49082192 676.1541264000001 176.97913648000002 0.00 0.00 0.00 0.00 0.00 0.00 0.00
persona 0.00 0 0.00 646.263096 139.7962768 677.706696 216.27435359999998 0.00 0.00 0.00 0.00 0.00 0.00 0.00
persona 0.00 0 0.00 659.7092783999999 138.6313008 700.3087056 213.6330704 0.00 0.00 0.00 0.00 0.00 0.00 0.00
sinCasco 0.00 0 0.00 395.386608 146.889588 410.67259199999995 164.78476719999998 0.00 0.00 0.00 0.00 0.00 0.00 0.00
pechoDesnudo 0.00 0 0.00 390.59961599999997 159.06194432 420.49939199999994 193.33244288 0.00 0.00 0.00 0.00 0.00 0.00 0.00
persona 0.00 0 0.00 387.3361968 147.30638720000002 422.60773919999997 240.9273728 0.00 0.00 0.00 0.00 0.00 0.00 0.00
proteccionAuditiva 0.00 0 0.00 347.8992672 267.2788416 419.42700479999996 359.7307712 0.00 0.00 0.00 0.00 0.00 0.00 0.00
pechoDesnudo 0.00 0 0.00 340.23499200000003 304.62403359999996 465.966672 484.603768 0.00 0.00 0.00 0.00 0.00 0.00 0.00
persona 0.00 0 0.00 332.349936 258.304664 476.81025600000004 541.6208975999999 0.00 0.00 0.00 0.00 0.00 0.00 0.00
conCasco 0.00 0 0.00 125.70587040000001 170.63486432000002 162.3930096 203.17245088 0.00 0.00 0.00 0.00 0.00 0.00 0.00
chalecoReflectante 0.00 0 0.00 118.4171232 190.47118240000003 189.5044128 250.2087472 0.00 0.00 0.00 0.00 0.00 0.00 0.00
persona 0.00 0 0.00 107.63616 171.37221279999997 205.80576000000002 327.7053552 0.00 0.00 0.00 0.00 0.00 0.00 0.00
proteccionAuditiva 0.00 0 0.00 650.6902799999999 139.78204848 664.70652 156.28135632000001 0.00 0.00 0.00 0.00 0.00 0.00 0.00
pechoDesnudo 0.00 0 0.00 639.5617967999999 150.94496383999999 669.7148112 179.93476736 0.00 0.00 0.00 0.00 0.00 0.00 0.00
persona 0.00 0 0.00 632.840016 141.0519104 674.542896 220.2768064 0.00 0.00 0.00 0.00 0.00 0.00 0.00
